62048806
27441288
74407201
85237072
33543255
73823518
17206012
40210718
88272561
37530816
51523278
78260826
54472415
00465825
06400071
04843758
64363857
23116780
84764012
28461813
42087605
83426544
33321760
63175048
50426383
28540036
52415450
86248550
17752004
25487435
33025010
40345728
30068361
70775371
71181088
05784552
34861483
76513440
11587874
47422448
57675825
18874226
03661185
25377702
56435630
63568843
55720086
47101642
65745875
71286030
44046811
33780645
71621355
76277747
27261311
13004370
33826701
20467320
67248115
15440611
83478625
07677366
17304612
45774664
88351144
67518154
66060882
65447617
52820005
07124200
20266214
51525657
08545742
55784035
34030765
03820882
20310587
88272863
06155086
54347858
83341261
12465645
47330100
50535813
52180003
26122656
70131760
53207341
01464874
36045723
26674337
63038868
10374444
88402723
32346557
22871240
47226387
24818662
02861781
67455752
52007320
40854036
37706180
45648377
61541233
02387103
68405520
60841154
67887272
12600304
04052120
32228346
32501217
04553134
11584023
71174154
08767674
13547435
22508887
18624425
68702628
44636317
28823612
54854468
27284104
68267268
70320834
65423634
12630524
02828228
87463335
73587747
17821045
78450176
38785752
54071348
05304452
73624085
36283827
88563047
05281178
54530576
83338754
81265145
48215818
26620385
62261867
66403577
44648748
23814600
38856032
65381237
62641857
85357606
63017617
32614085
42815148
56525885
80742751
21151564
84441200
25661447
00831771
08623487
40875531
03614627
63263361
14243605
34314757
18432356
46706320
08130412
15620165
04484675
51042044
35703356
65185052
85523275
74204878
66878003
56881668
53113232
86203815
58004361
55527585
28267343
64070805
84371352
61781773
23852515
82204543
10136024
77072043
75584451
31634445
38501466
75310850
88286772
71834326
13772205
